13.38988176137209
13.032611390709876
12.891234710812569
12.819154322385788
12.819448049545288
12.73039266037941
12.567147756695748
12.459881403625012
12.482935593426227
12.367344484448433
12.245637377381325
12.128000814557076
12.0523456081748
12.03060335111618
11.879303395271302
11.756155125856399
11.521553783595563
11.443363179504871
11.262915937662125
11.119804891645908
10.939107851088046
10.804108940422536
10.69691637569666
10.558453237354755
10.409134619355202
10.326889088988304
10.195965296387673
10.071586460471153
9.963346659898757
9.88290564531088
9.772893732428551
9.629939121484757
9.583635846078396
9.495908245444298
9.3964162170887
9.34702434670925
9.198996557950974
9.185213691353798
9.00444779896736
9.048789225697517