7.065063342452049255e-03
5.578014533966779709e-03
4.920393694192171097e-03
4.694637376815080643e-03
4.434988833963871002e-03
4.198800772428512573e-03
4.047653172165155411e-03
3.839005483314394951e-03
3.722430905327200890e-03
3.581042867153882980e-03
3.550057997927069664e-03
3.455175552517175674e-03
3.428953234106302261e-03
3.308079438284039497e-03
3.318930044770240784e-03
3.277076641097664833e-03
3.241982078179717064e-03
3.221430350095033646e-03
3.218423109501600266e-03
3.199155442416667938e-03
3.172085853293538094e-03
3.167953575029969215e-03
3.155236830934882164e-03
3.132758662104606628e-03
3.124283393844962120e-03
3.121940651908516884e-03
3.110251156613230705e-03
3.096040338277816772e-03
3.095631487667560577e-03
3.082919865846633911e-03
