5.356147140264511108e-02
3.576138056814670563e-03
3.370259655639529228e-03
3.361216746270656586e-03
3.219849895685911179e-03
3.209003014490008354e-03
3.182247746735811234e-03
3.168497933074831963e-03
3.126175608485937119e-03
3.100498346611857414e-03
3.078064415603876114e-03
3.086213255301117897e-03
3.064003773033618927e-03
3.052711253985762596e-03
3.081033006310462952e-03
3.047204576432704926e-03
3.030913416296243668e-03
3.033320186659693718e-03
3.065877594053745270e-03
3.040501149371266365e-03
3.036400768905878067e-03
3.022449091076850891e-03
3.016492584720253944e-03
3.004848258569836617e-03
2.980754477903246880e-03
2.956686308607459068e-03
3.040482522919774055e-03
2.999085932970046997e-03
2.953675808385014534e-03
2.956101438030600548e-03
