3.583664307370781898e-03
3.339540679007768631e-03
3.235752694308757782e-03
3.181241452693939209e-03
3.150797914713621140e-03
3.135890932753682137e-03
3.126315539702773094e-03
3.091099672019481659e-03
3.107362193986773491e-03
3.104260889813303947e-03
3.153887344524264336e-03
3.129560966044664383e-03
3.102659014984965324e-03
3.086946438997983932e-03
3.038311377167701721e-03
3.043043659999966621e-03
3.064987715333700180e-03
3.058668226003646851e-03
3.049298888072371483e-03
3.013259964063763618e-03
3.079652553424239159e-03
3.033067332580685616e-03
3.016944974660873413e-03
3.010248765349388123e-03
2.999145537614822388e-03
2.981075784191489220e-03
2.989155706018209457e-03
2.985794795677065849e-03
2.963123843073844910e-03
2.969410037621855736e-03
