1.299128383398056030e-01
2.194165810942649841e-02
1.255343854427337646e-02
8.690805174410343170e-03
6.600624881684780121e-03
5.420012865215539932e-03
4.454765468835830688e-03
3.825439140200614929e-03
3.511443501338362694e-03
3.375173546373844147e-03
3.327103331685066223e-03
3.295609960332512856e-03
3.282848512753844261e-03
3.268311033025383949e-03
3.256830619648098946e-03
3.239365993067622185e-03
3.218931145966053009e-03
3.209251211956143379e-03
3.177381819114089012e-03
3.194127930328249931e-03
3.162683453410863876e-03
3.197013633325695992e-03
3.158855019137263298e-03
3.120853798463940620e-03
3.120218869298696518e-03
3.086310811340808868e-03
3.083762247115373611e-03
3.081057919189333916e-03
3.056950401514768600e-03
3.089896636083722115e-03
