2.10469 
1.59972 
1.47911 
1.47714 
1.34207 
1.33167 
1.34316 
1.29745 
1.26740 
1.28950 
1.26251 
1.24461 
1.24633 
1.24341 
1.24080 
1.24243 
1.23209 
1.23538 
1.25037 
1.25300 
1.28451 
1.27917 
1.30976 
1.33035 
1.35728 
1.39296 
1.37443 
1.41219 
1.41585 
1.46217 
1.47235 
1.50381 
1.55926 
1.55815 
1.60822 
1.64040 
1.61817 
1.67325 
1.59894 
1.68107 
1.73798 
1.77508 
1.78328 
1.77513 
1.83410 
1.90310 
1.91873 
1.96134 
1.95115 
2.03713 
2.00403 
2.07108 
2.05832 
2.03190 
2.07078 
2.06696 
2.12410 
2.15501 
2.12937 
2.11471 
2.14372 
2.08290 
2.22741 
2.16270 
2.15753 
2.21385 
2.24128 
2.26695 
2.27960 
2.23690 
2.23272 
2.26458 
2.28701 
2.27806 
2.28677 
