1.206855799114704197e+01
1.275797938686609356e+01
1.273733529591560298e+01
1.265025649827718723e+01
1.247824802196025828e+01
1.236730561691522645e+01
1.218555828291177789e+01
1.211747873866558045e+01
1.196256854850053841e+01
1.172542417794466019e+01
1.139957004672288932e+01
1.110252884072065349e+01
1.080483163726329821e+01
1.043636139714717892e+01
1.019383653652668009e+01
9.989085504174232355e+00
9.658007391154766808e+00
9.414015437960625121e+00
9.140252828717231992e+00
8.969086121201515382e+00
8.789773092508315955e+00
8.595931656241416974e+00
8.489660951137542710e+00
8.341339615941047114e+00
8.223169305562972653e+00
8.209750806808472134e+00
8.074025929749012676e+00
8.014026275396346932e+00
7.899256067872047815e+00
7.872972981214523713e+00
7.807959205031394845e+00
7.769399778366088860e+00
7.835260489046573795e+00
7.730728436946868953e+00
7.739817942142486196e+00
7.701662551045417970e+00
7.640495267152786596e+00
7.690552804946899634e+00
7.508550670444964936e+00
7.586750323057175116e+00
7.667434016585350065e+00
7.636184823036193947e+00
7.621616888225078768e+00
7.552629142820834751e+00
7.620161454975605153e+00
7.672171641290187694e+00
7.627858301699161458e+00
7.688235588073730753e+00
7.605737498998641932e+00
7.704039960920810337e+00
7.633916449904441848e+00
7.683336360454559255e+00
7.741543713390827364e+00
7.644528729975223591e+00
7.674594714641570725e+00
7.607765451848506721e+00
7.725737192809582154e+00
7.702334998071193262e+00
7.598949059724807498e+00
7.651370337545872147e+00
7.618033684015274254e+00
7.573157101392745894e+00
7.732172684252262229e+00
7.615396642327308285e+00
7.646254440128803509e+00
7.693717212438583530e+00
7.677258783936500741e+00
7.710151936054229438e+00
7.645128803193569134e+00
7.691444548130035308e+00
7.611619818598032161e+00
7.662854565680026653e+00
7.693797563791274996e+00
7.622352114498615272e+00
7.657392480492592135e+00
