1.246972869407563067e+01
1.144124479899330815e+01
1.575923459775864188e+01
1.378162577700993374e+01
1.587983298774749485e+01
1.139433917734358026e+01
1.170796096703362821e+01
1.234094822406768799e+01
1.112989957275844688e+01
1.166012657918627227e+01
1.194726833748438999e+01
1.205139946369897785e+01
1.117947675216765546e+01
1.100031486579350037e+01
1.199962215480350380e+01
1.228539553237339810e+01
1.135260114783332419e+01
1.120892026973149136e+01
1.170068081882264899e+01
1.125080425020248143e+01
1.169633931016165107e+01
1.131100563586704233e+01
1.170754315834196824e+01
1.154116474446796303e+01
1.133068989288239337e+01
1.209735505164615610e+01
1.114629707260737312e+01
1.124906837372552815e+01
1.107507521860183175e+01
1.100690155369894896e+01
1.116478118536964281e+01
1.122500953977070104e+01
1.094406065108284132e+01
1.141396117115777642e+01
1.105875842628024941e+01
1.121724910111654339e+01
1.066045626761421339e+01
1.087331086964834270e+01
1.168736773067050549e+01
1.130839544345462144e+01
1.058587724821908083e+01
1.097072280777825171e+01
1.117113775771761652e+01
1.141553383119522636e+01
1.101501894470245091e+01
1.167013384709282597e+01
1.164043453477677836e+01
1.122538948815966364e+01
1.185827989521480674e+01
1.122037950205424472e+01
1.138454061746597290e+01
1.140632103738330727e+01
1.153298733442548674e+01
1.128007480265602247e+01
1.108646331703852006e+01
1.143603498689711984e+01
1.168401136379393357e+01
1.143290622272188628e+01
1.120836171082087951e+01
1.143089513173178950e+01
1.110644802403828457e+01
1.103322273492813110e+01
1.173674083134484647e+01
1.139010966959453697e+01
1.112413898346916064e+01
1.162137473481041994e+01
1.137301726095260079e+01
1.102508886655171771e+01
1.155746641234746086e+01
1.144847657188536694e+01
1.092994722865876689e+01
1.166914311855558317e+01
1.090542515213527430e+01
1.077195268396347316e+01
1.099781183874796220e+01
